,Date,location,new_cases,new_deaths,total_cases,total_deaths,total_tests,Lockdown,Public_Health,Governance_and_socio-economic,Humanitarian_exemption,Social_distancing,Movement_restrictions,Day,Month,Year,days_outbreak,total_cases_per_million,new_cases_per_million,total_deaths_per_million,new_deaths_per_million,rolling_std,Stages,Components,Weekday,days_completed
0,2020-03-04,Iceland,10,0,16,0,81,0.0,16.0,0.0,0.0,0.0,0.0,4,3,2020,1,46.886,29.304,0.0,0.0,0.002424304195517616,2,1,2,1
1,2020-03-05,Iceland,10,0,26,0,62,0.0,18.0,0.0,0.0,0.0,0.0,5,3,2020,2,76.19,29.304,0.0,0.0,0.002247748545232136,2,1,3,2
2,2020-03-09,Iceland,2,0,55,0,98,0.0,26.0,4.0,0.0,0.0,0.0,9,3,2020,6,161.172,5.8610000000000015,0.0,0.0,0.0023155350383383014,1,3,0,3
3,2020-03-10,Iceland,10,0,65,0,169,0.0,28.0,6.0,0.0,0.0,0.0,10,3,2020,7,190.476,29.304,0.0,0.0,0.0025688554802652977,2,1,1,4
4,2020-03-11,Iceland,5,0,70,0,149,0.0,30.0,8.0,0.0,0.0,0.0,11,3,2020,8,205.128,14.652,0.0,0.0,0.002247748545232136,1,3,2,5
5,2020-03-12,Iceland,15,0,85,0,253,0.0,32.0,10.0,0.0,0.0,0.0,12,3,2020,9,249.084,43.956,0.0,0.0,0.0027808676307007783,2,1,3,6
6,2020-03-13,Iceland,32,0,117,0,357,0.0,35.0,12.0,0.0,1.0,0.0,13,3,2020,10,342.857,93.773,0.0,0.0,0.007591989332385342,3,0,4,7
7,2020-03-14,Iceland,0,0,117,0,323,0.0,38.0,14.0,0.0,2.0,0.0,14,3,2020,11,342.857,0.0,0.0,0.0,0.008904568007803357,1,3,5,8
8,2020-03-15,Iceland,21,0,138,0,1075,0.0,41.0,16.0,0.0,3.0,0.0,15,3,2020,12,404.396,61.538,0.0,0.0,0.009042453391366109,2,1,6,9
9,2020-03-16,Iceland,40,0,178,0,1707,0.0,45.0,18.0,0.0,5.0,0.0,16,3,2020,13,521.612,117.216,0.0,0.0,0.011128104337010692,3,0,0,10
10,2020-03-17,Iceland,21,0,199,0,1400,0.0,49.0,20.0,0.0,7.0,0.0,17,3,2020,14,583.15,61.538,0.0,0.0,0.006101031765630081,2,1,1,11
11,2020-03-18,Iceland,48,0,247,0,1828,0.0,53.0,22.0,0.0,9.0,0.0,18,3,2020,15,723.81,140.659,0.0,0.0,0.00771325326759908,3,0,2,12
12,2020-03-19,Iceland,3,0,250,0,1311,0.0,57.0,24.0,0.0,11.0,0.0,19,3,2020,16,732.6010000000001,8.791,0.0,0.0,0.012597054118916713,1,3,3,13
13,2020-03-20,Iceland,80,1,330,1,579,0.0,61.0,26.0,0.0,13.0,1.0,20,3,2020,17,967.033,234.432,2.93,2.93,0.021514164647221872,4,2,4,14
14,2020-03-21,Iceland,79,0,409,1,350,0.0,65.0,28.0,0.0,15.0,2.0,21,3,2020,18,1198.535,231.502,2.93,0.0,0.02456625453321221,4,2,5,15
15,2020-03-22,Iceland,64,0,473,1,183,0.0,69.0,30.0,0.0,17.0,3.0,22,3,2020,19,1386.081,187.546,2.93,0.0,0.004984920155635406,4,2,6,16
16,2020-03-23,Iceland,95,0,568,1,459,0.0,74.0,32.0,0.0,19.0,4.0,23,3,2020,20,1664.469,278.388,2.93,0.0,0.008622184615671828,4,2,0,17
17,2020-03-24,Iceland,20,1,588,2,967,0.0,79.0,34.0,0.0,22.0,5.0,24,3,2020,21,1723.0770000000002,58.608,5.8610000000000015,2.93,0.020960684080872784,2,1,1,18
18,2020-03-25,Iceland,60,0,648,2,888,0.0,84.0,36.0,0.0,25.0,6.0,25,3,2020,22,1898.901,175.824,5.8610000000000015,0.0,0.020871950777155538,4,2,2,19
19,2020-03-26,Iceland,89,0,737,2,998,0.0,89.0,38.0,0.0,28.0,7.0,26,3,2020,23,2159.707000000001,260.806,5.8610000000000015,0.0,0.01926909180731504,4,2,3,20
20,2020-03-27,Iceland,65,0,802,2,1022,0.0,94.0,40.0,0.0,31.0,8.0,27,3,2020,24,2350.183,190.476,5.8610000000000015,0.0,0.008622184615671822,4,2,4,21
21,2020-03-28,Iceland,88,0,890,2,849,0.0,99.0,42.0,0.0,34.0,9.0,28,3,2020,25,2608.059,257.875,5.8610000000000015,0.0,0.007551135281578129,4,2,5,22
22,2020-03-29,Iceland,73,0,963,2,1000,0.0,104.0,44.0,0.0,37.0,10.0,29,3,2020,26,2821.978,213.919,5.8610000000000015,0.0,0.006493985868793814,4,2,6,23
23,2020-03-30,Iceland,57,0,1020,2,1420,0.0,109.0,46.0,0.0,40.0,11.0,30,3,2020,27,2989.011,167.033,5.8610000000000015,0.0,0.008622184615671826,4,2,0,24
24,2020-03-31,Iceland,66,0,1086,2,1612,0.0,114.0,48.0,0.0,43.0,12.0,31,3,2020,28,3182.418,193.407,5.8610000000000015,0.0,0.0044609601095720606,4,2,1,25
25,2020-04-01,Iceland,49,0,1135,2,1414,0.0,119.0,50.0,0.0,46.0,14.0,1,4,2020,29,3326.007,143.59,5.8610000000000015,0.0,0.004730200527316639,3,0,2,26
26,2020-04-02,Iceland,85,0,1220,2,1265,0.0,124.0,52.0,0.0,49.0,16.0,2,4,2020,30,3575.092,249.084,5.8610000000000015,0.0,0.010016271901549923,4,2,3,27
27,2020-04-03,Iceland,99,2,1319,4,1445,0.0,129.0,54.0,0.0,52.0,18.0,3,4,2020,31,3865.201,290.11,11.722,5.8610000000000015,0.014345971169561057,4,2,4,28
28,2020-04-04,Iceland,45,0,1364,4,1754,0.0,134.0,56.0,0.0,55.0,20.0,4,4,2020,32,3997.07,131.868,11.722,0.0,0.015586095333321238,3,0,5,29
29,2020-04-05,Iceland,53,0,1417,4,2486,0.0,139.0,58.0,0.0,58.0,22.0,5,4,2020,33,4152.3809999999985,155.311,11.722,0.0,0.016208745268368092,3,0,6,30
30,2020-04-06,Iceland,69,0,1486,4,1112,0.0,144.0,60.0,0.0,61.0,24.0,6,4,2020,34,4354.5790000000015,202.198,11.722,0.0,0.006796552754847324,4,2,0,31
31,2020-04-07,Iceland,76,2,1562,6,1955,0.0,149.0,62.0,0.0,64.0,26.0,7,4,2020,35,4577.289000000002,222.711,17.582,5.8610000000000015,0.0065571891671588,4,2,1,32
32,2020-04-08,Iceland,24,0,1586,6,1676,0.0,154.0,64.0,0.0,67.0,28.0,8,4,2020,36,4647.6190000000015,70.33,17.582,0.0,0.015694871348384754,2,1,2,33
33,2020-04-09,Iceland,30,0,1616,6,1502,0.0,159.0,66.0,0.0,70.0,30.0,9,4,2020,37,4735.531,87.912,17.582,0.0,0.015822460729219008,3,0,3,34
34,2020-04-10,Iceland,32,0,1648,6,510,0.0,164.0,68.0,0.0,73.0,32.0,10,4,2020,38,4829.304,93.773,17.582,0.0,0.0023155350383380928,3,0,4,35
35,2020-04-11,Iceland,27,1,1675,7,618,0.0,169.0,70.0,0.0,76.0,34.0,11,4,2020,39,4908.425,79.12100000000002,20.513,2.93,0.001399672679879293,3,0,5,36
36,2020-04-12,Iceland,14,1,1689,8,235,0.0,174.0,72.0,0.0,79.0,36.0,12,4,2020,40,4949.451,41.026,23.443,2.93,0.005167727054047493,2,1,6,37
37,2020-04-13,Iceland,12,0,1701,8,851,0.0,179.0,74.0,0.0,82.0,38.0,13,4,2020,41,4984.615,35.165,23.443,0.0,0.004529770753752426,2,1,0,38
38,2020-04-14,Iceland,10,0,1711,8,1047,0.0,184.0,77.0,0.0,85.0,40.0,14,4,2020,42,5013.919,29.304,23.443,0.0,0.001112347052279799,2,1,1,39
39,2020-04-17,Iceland,12,0,1739,8,1555,0.0,202.0,86.0,0.0,94.0,46.0,17,4,2020,45,5095.971,35.165,23.443,0.0,0.0013996726798792196,2,1,4,40
40,2020-04-18,Iceland,15,0,1754,8,1671,0.0,208.0,89.0,0.0,97.0,48.0,18,4,2020,46,5139.927,43.956,23.443,0.0,0.0022477485452318813,2,1,5,41
41,2020-04-19,Iceland,6,1,1760,9,381,0.0,214.0,92.0,0.0,100.0,50.0,19,4,2020,47,5157.509,17.582,26.374,2.93,0.002548707283067539,1,3,6,42
42,2020-04-20,Iceland,11,0,1771,9,688,0.0,220.0,95.0,0.0,103.0,52.0,20,4,2020,48,5189.7440000000015,32.234,26.374,0.0,0.0025079253352739053,2,1,0,43
43,2020-04-21,Iceland,2,1,1773,10,637,0.0,226.0,98.0,0.0,106.0,54.0,21,4,2020,49,5195.604,5.8610000000000015,29.304,2.93,0.0025079253352738987,1,3,1,44
44,2020-04-22,Iceland,5,0,1778,10,625,0.0,232.0,101.0,0.0,109.0,56.0,22,4,2020,50,5210.2559999999985,14.652,29.304,0.0,0.0025487072830675315,1,3,2,45
45,2020-04-23,Iceland,7,0,1785,10,193,0.0,238.0,104.0,0.0,112.0,58.0,23,4,2020,51,5230.769,20.513,29.304,0.0,0.001399672679879207,2,1,3,46
46,2020-04-25,Iceland,0,0,1789,10,381,0.0,250.0,110.0,0.0,118.0,64.0,25,4,2020,53,5242.491,0.0,29.304,0.0,0.0019532172326383154,1,3,5,47
