,Date,location,new_cases,new_deaths,total_cases,total_deaths,total_tests,Lockdown,Public_Health,Governance_and_socio-economic,Humanitarian_exemption,Social_distancing,Movement_restrictions,Day,Month,Year,days_outbreak,total_cases_per_million,new_cases_per_million,total_deaths_per_million,new_deaths_per_million,rolling_std,Stages,Components,Weekday,days_completed
0,2020-02-20,South Korea,34,0,80,0,1146,0.0,0.0,0.0,0.0,0.0,0.0,20,2,2020,1,1.56,0.6629999999999999,0.0,0.0,0.0015364574210024544,1,0,3,1
1,2020-02-21,South Korea,75,1,155,1,1750,0.0,0.0,0.0,0.0,0.0,0.0,21,2,2020,2,3.023,1.463,0.02,0.02,0.00284460621697141,1,0,4,2
2,2020-02-22,South Korea,190,1,345,2,2655,0.0,0.0,0.0,0.0,0.0,0.0,22,2,2020,3,6.729,3.706,0.039,0.02,0.007502071184080859,2,2,5,3
3,2020-02-23,South Korea,256,3,601,5,4805,0.0,0.0,0.0,0.0,0.0,0.0,23,2,2020,4,11.722,4.993,0.098,0.059,0.008497102293894205,2,2,6,4
4,2020-02-24,South Korea,161,2,762,7,3012,0.0,0.0,0.0,0.0,0.0,0.0,24,2,2020,5,14.863,3.14,0.13699999999999998,0.039,0.004516332949131893,2,2,0,5
5,2020-02-25,South Korea,130,1,892,8,5982,0.0,0.0,0.0,0.0,0.0,0.0,25,2,2020,6,17.398,2.536,0.156,0.02,0.006090271696862802,2,2,1,6
6,2020-02-26,South Korea,254,3,1146,11,8101,0.0,0.0,0.0,0.0,0.0,0.0,26,2,2020,7,22.353,4.954,0.215,0.059,0.005986238031859937,2,2,2,7
7,2020-02-27,South Korea,449,1,1595,12,9411,0.0,0.0,0.0,0.0,1.0,0.0,27,2,2020,8,31.11,8.758,0.234,0.02,0.014917577350219813,3,1,3,8
8,2020-02-28,South Korea,427,1,2022,13,11863,0.0,0.0,0.0,0.0,2.0,0.0,28,2,2020,9,39.439,8.329,0.254,0.02,0.009907276155186807,3,1,4,9
9,2020-02-29,South Korea,909,3,2931,16,12950,0.0,0.0,0.0,0.0,3.0,0.0,29,2,2020,10,57.169,17.73,0.312,0.059,0.025246230794112992,4,3,5,10
10,2020-03-01,South Korea,595,1,3526,17,14753,0.0,0.0,0.0,0.0,4.0,0.0,1,3,2020,11,68.774,11.605,0.332,0.02,0.022695508705560318,3,1,6,11
11,2020-03-02,South Korea,686,5,4212,22,11292,0.0,0.0,0.0,0.0,5.0,0.0,2,3,2020,12,82.155,13.38,0.429,0.098,0.014986831085964153,4,3,0,12
12,2020-03-03,South Korea,600,6,4812,28,12606,0.0,0.0,0.0,0.0,6.0,0.0,3,3,2020,13,93.858,11.703,0.546,0.117,0.0047455122680625,3,1,1,13
13,2020-03-04,South Korea,516,4,5328,32,16260,0.0,0.0,0.0,0.0,7.0,0.0,4,3,2020,14,103.922,10.065,0.624,0.078,0.007885154059526707,3,1,2,14
14,2020-03-05,South Korea,438,3,5766,35,10856,0.0,0.0,0.0,0.0,8.0,0.0,5,3,2020,15,112.465,8.543,0.6829999999999999,0.059,0.007515632319305728,3,1,3,15
15,2020-03-06,South Korea,518,7,6284,42,9834,0.0,0.0,0.0,0.0,9.0,0.0,6,3,2020,16,122.569,10.104,0.8190000000000001,0.13699999999999998,0.0042320623651020866,3,1,4,16
16,2020-03-07,South Korea,483,2,6767,44,18199,0.0,0.0,0.0,0.0,10.0,0.0,7,3,2020,17,131.99,9.421,0.858,0.039,0.003720225545923182,3,1,5,17
17,2020-03-08,South Korea,367,6,7134,50,13449,0.0,0.0,0.0,0.0,11.0,0.0,8,3,2020,18,139.148,7.158,0.975,0.117,0.007331907751471363,3,1,6,18
18,2020-03-09,South Korea,248,1,7382,51,10329,0.0,0.0,0.0,0.0,12.0,0.0,9,3,2020,19,143.985,4.837,0.995,0.02,0.010900110523749486,2,2,0,19
19,2020-03-10,South Korea,131,3,7513,54,8100,0.0,2.0,0.0,0.0,13.0,1.0,10,3,2020,20,146.54,2.555,1.053,0.059,0.010946327682831635,2,2,1,20
20,2020-03-11,South Korea,242,6,7755,60,13526,0.0,4.0,0.0,0.0,14.0,2.0,11,3,2020,21,151.26,4.72,1.17,0.117,0.0061118984823855214,2,2,2,21
21,2020-03-12,South Korea,114,6,7869,66,12251,0.0,6.0,0.0,0.0,15.0,4.0,12,3,2020,22,153.484,2.224,1.287,0.117,0.00644851450777569,1,0,3,22
22,2020-03-13,South Korea,110,1,7979,67,12603,0.0,8.0,0.0,0.0,16.0,6.0,13,3,2020,23,155.63,2.146,1.307,0.02,0.0069649515029318425,1,0,4,23
23,2020-03-15,South Korea,76,3,8162,75,12688,0.0,12.0,0.0,0.0,18.0,10.0,15,3,2020,25,159.19899999999996,1.482,1.463,0.059,0.0017461729008650454,1,0,6,24
24,2020-03-16,South Korea,74,0,8236,75,6877,0.0,15.0,0.0,0.0,20.0,13.0,16,3,2020,26,160.642,1.443,1.463,0.0,0.0017163499179191444,1,0,0,25
25,2020-03-19,South Korea,152,5,8565,91,8931,0.0,24.0,0.0,0.0,26.0,22.0,19,3,2020,29,167.05900000000003,2.965,1.775,0.098,0.0034264270039493947,2,2,3,26
26,2020-03-20,South Korea,87,9,8652,100,11377,0.0,28.0,0.0,0.0,28.0,25.0,20,3,2020,30,168.75599999999997,1.6969999999999998,1.95,0.17600000000000002,0.0033322087269134558,1,0,4,27
27,2020-03-21,South Korea,147,3,8799,103,9640,0.0,32.0,0.0,0.0,30.0,28.0,21,3,2020,31,171.62400000000005,2.867,2.009,0.059,0.0033553701939100233,2,2,5,28
28,2020-03-22,South Korea,98,1,8897,104,10845,1.0,37.0,0.0,0.0,32.0,31.0,22,3,2020,32,173.535,1.911,2.029,0.02,0.0029631407193709725,1,0,6,29
29,2020-03-23,South Korea,64,9,8961,113,4271,2.0,42.0,0.0,0.0,34.0,34.0,23,3,2020,33,174.783,1.248,2.204,0.17600000000000002,0.0038706207875741326,1,0,0,30
30,2020-03-24,South Korea,76,7,9037,120,6256,3.0,47.0,0.0,0.0,36.0,37.0,24,3,2020,34,176.266,1.482,2.341,0.13699999999999998,0.0015995692215678176,1,0,1,31
31,2020-03-25,South Korea,100,6,9137,126,10546,4.0,52.0,0.0,0.0,38.0,40.0,25,3,2020,35,178.21599999999995,1.95,2.458,0.117,0.0017003991446958402,1,0,2,32
32,2020-03-26,South Korea,104,5,9241,131,9314,5.0,57.0,0.0,0.0,40.0,43.0,26,3,2020,36,180.245,2.029,2.555,0.098,0.0014048010750276464,1,0,3,33
33,2020-03-28,South Korea,146,5,9478,144,12019,7.0,67.0,0.0,0.0,44.0,49.0,28,3,2020,38,184.867,2.8480000000000003,2.809,0.098,0.002666606142529289,2,2,5,34
34,2020-03-29,South Korea,105,8,9583,152,10964,8.0,72.0,0.0,0.0,46.0,52.0,29,3,2020,39,186.915,2.048,2.965,0.156,0.002651503882737612,1,0,6,35
35,2020-03-30,South Korea,78,6,9661,158,6216,9.0,77.0,0.0,0.0,48.0,55.0,30,3,2020,40,188.437,1.521,3.082,0.117,0.0031761923540307357,1,0,0,36
36,2020-03-31,South Korea,125,5,9786,163,1053,10.0,82.0,0.0,0.0,50.0,58.0,31,3,2020,41,190.875,2.438,3.179,0.098,0.0021880073680065767,2,2,1,37
37,2020-04-01,South Korea,0,0,9786,163,15370,11.0,87.0,0.0,0.0,52.0,61.0,1,4,2020,42,190.875,0.0,3.179,0.0,0.005856903179095482,1,0,2,38
38,2020-04-02,South Korea,190,6,9976,169,10983,12.0,92.0,0.0,0.0,54.0,64.0,2,4,2020,43,194.581,3.706,3.2960000000000003,0.117,0.008957888643704953,2,2,3,39
39,2020-04-03,South Korea,86,5,10062,174,10196,13.0,97.0,0.0,0.0,56.0,67.0,3,4,2020,44,196.258,1.6769999999999998,3.394,0.098,0.008825788417266226,1,0,4,40
40,2020-04-04,South Korea,94,3,10156,177,11530,14.0,102.0,0.0,0.0,58.0,70.0,4,4,2020,45,198.092,1.833,3.452,0.059,0.005368592310256134,1,0,5,41
41,2020-04-06,South Korea,47,3,10284,186,6201,16.0,112.0,0.0,0.0,62.0,76.0,6,4,2020,47,200.588,0.917,3.628,0.059,0.002251328589890674,1,0,0,42
42,2020-04-07,South Korea,47,6,10331,192,5571,17.0,117.0,0.0,0.0,64.0,79.0,7,4,2020,48,201.505,0.917,3.745,0.117,0.0018209563221192188,1,0,1,43
43,2020-04-10,South Korea,27,4,10450,208,8708,20.0,132.0,0.0,0.0,70.0,88.0,10,4,2020,51,203.826,0.527,4.057,0.078,0.0012071256212701608,1,0,4,44
44,2020-04-11,South Korea,0,0,10450,208,8340,21.0,138.0,0.0,0.0,72.0,91.0,11,4,2020,52,203.826,0.0,4.057,0.0,0.0018529670088530813,1,0,5,45
45,2020-04-12,South Korea,62,6,10512,214,7428,22.0,144.0,0.0,0.0,74.0,94.0,12,4,2020,53,205.035,1.209,4.174,0.117,0.0028836644235086663,1,0,6,46
46,2020-04-13,South Korea,25,3,10537,217,4142,23.0,150.0,0.0,0.0,76.0,97.0,13,4,2020,54,205.523,0.488,4.2330000000000005,0.059,0.002893594426805489,1,0,0,47
