dateRep,day,month,year,cases,deaths,countriesAndTerritories,geoId,countryterritoryCode,popData2018,Daily_total_tests,Daily_tests_per_thousand,tests_per_thousand
31-12-2019,31,12,2019,0,0,South_Korea,KR,KOR,51635256,0,0,0
01-01-2020,1,1,2020,0,0,South_Korea,KR,KOR,51635256,0,0,0
02-01-2020,2,1,2020,0,0,South_Korea,KR,KOR,51635256,0,0,0
03-01-2020,3,1,2020,0,0,South_Korea,KR,KOR,51635256,0,0,0
04-01-2020,4,1,2020,0,0,South_Korea,KR,KOR,51635256,0,0,0
05-01-2020,5,1,2020,0,0,South_Korea,KR,KOR,51635256,0,0,0
06-01-2020,6,1,2020,0,0,South_Korea,KR,KOR,51635256,0,0,0
07-01-2020,7,1,2020,0,0,South_Korea,KR,KOR,51635256,0,0,0
08-01-2020,8,1,2020,0,0,South_Korea,KR,KOR,51635256,0,0,0
09-01-2020,9,1,2020,0,0,South_Korea,KR,KOR,51635256,0,0,0
10-01-2020,10,1,2020,0,0,South_Korea,KR,KOR,51635256,0,0,0
11-01-2020,11,1,2020,0,0,South_Korea,KR,KOR,51635256,0,0,0
12-01-2020,12,1,2020,0,0,South_Korea,KR,KOR,51635256,0,0,0
13-01-2020,13,1,2020,0,0,South_Korea,KR,KOR,51635256,0,0,0
14-01-2020,14,1,2020,0,0,South_Korea,KR,KOR,51635256,0,0,0
15-01-2020,15,1,2020,0,0,South_Korea,KR,KOR,51635256,0,0,0
16-01-2020,16,1,2020,0,0,South_Korea,KR,KOR,51635256,0,0,0
17-01-2020,17,1,2020,0,0,South_Korea,KR,KOR,51635256,0,0,0
18-01-2020,18,1,2020,0,0,South_Korea,KR,KOR,51635256,0,0,0
19-01-2020,19,1,2020,0,0,South_Korea,KR,KOR,51635256,0,0,0
20-01-2020,20,1,2020,1,0,South_Korea,KR,KOR,51635256,1,0,0
21-01-2020,21,1,2020,0,0,South_Korea,KR,KOR,51635256,0,0,0
22-01-2020,22,1,2020,0,0,South_Korea,KR,KOR,51635256,5,0,0
23-01-2020,23,1,2020,0,0,South_Korea,KR,KOR,51635256,5,0,0
24-01-2020,24,1,2020,1,0,South_Korea,KR,KOR,51635256,5,0,0
25-01-2020,25,1,2020,0,0,South_Korea,KR,KOR,51635256,5,0,0
26-01-2020,26,1,2020,1,0,South_Korea,KR,KOR,51635256,5,0,0.001
27-01-2020,27,1,2020,1,0,South_Korea,KR,KOR,51635256,9,0,0.001
28-01-2020,28,1,2020,0,0,South_Korea,KR,KOR,51635256,130,0,0.001
29-01-2020,29,1,2020,0,0,South_Korea,KR,KOR,51635256,116,0,0.002
30-01-2020,30,1,2020,0,0,South_Korea,KR,KOR,51635256,102,0,0.002
31-01-2020,31,1,2020,3,0,South_Korea,KR,KOR,51635256,88,0,0.003
01-02-2020,1,2,2020,5,0,South_Korea,KR,KOR,51635256,74,0,0.003
02-02-2020,2,2,2020,3,0,South_Korea,KR,KOR,51635256,58,0.001,0.004
03-02-2020,3,2,2020,0,0,South_Korea,KR,KOR,51635256,74,0.001,0.005
04-02-2020,4,2,2020,1,0,South_Korea,KR,KOR,51635256,90,0.001,0.006
05-02-2020,5,2,2020,2,0,South_Korea,KR,KOR,51635256,107,0.001,0.007
06-02-2020,6,2,2020,5,0,South_Korea,KR,KOR,51635256,171,0.001,0.008
07-02-2020,7,2,2020,1,0,South_Korea,KR,KOR,51635256,245,0.001,0.009
08-02-2020,8,2,2020,0,0,South_Korea,KR,KOR,51635256,571,0.001,0.01
09-02-2020,9,2,2020,1,0,South_Korea,KR,KOR,51635256,639,0.002,0.012
10-02-2020,10,2,2020,2,0,South_Korea,KR,KOR,51635256,436,0.005,0.017
11-02-2020,11,2,2020,1,0,South_Korea,KR,KOR,51635256,853,0.004,0.02
12-02-2020,12,2,2020,0,0,South_Korea,KR,KOR,51635256,1445,0.006,0.026
13-02-2020,13,2,2020,0,0,South_Korea,KR,KOR,51635256,723,0.011,0.037
14-02-2020,14,2,2020,0,0,South_Korea,KR,KOR,51635256,1057,0.007,0.044
15-02-2020,15,2,2020,0,0,South_Korea,KR,KOR,51635256,665,0,0.044
16-02-2020,16,2,2020,1,0,South_Korea,KR,KOR,51635256,400,0.002,0.046
17-02-2020,17,2,2020,1,0,South_Korea,KR,KOR,51635256,252,0.021,0.067
18-02-2020,18,2,2020,1,0,South_Korea,KR,KOR,51635256,1094,0.006,0.073
19-02-2020,19,2,2020,15,0,South_Korea,KR,KOR,51635256,1146,0.004,0.077
20-02-2020,20,2,2020,34,0,South_Korea,KR,KOR,51635256,1750,0.005,0.082
21-02-2020,21,2,2020,75,1,South_Korea,KR,KOR,51635256,2655,0.005,0.087
22-02-2020,22,2,2020,190,1,South_Korea,KR,KOR,51635256,4805,0.004,0.091
23-02-2020,23,2,2020,256,3,South_Korea,KR,KOR,51635256,3012,0.003,0.094
24-02-2020,24,2,2020,161,2,South_Korea,KR,KOR,51635256,5982,0.003,0.097
25-02-2020,25,2,2020,130,1,South_Korea,KR,KOR,51635256,8101,0.004,0.101
26-02-2020,26,2,2020,254,3,South_Korea,KR,KOR,51635256,9411,0.005,0.106
27-02-2020,27,2,2020,449,1,South_Korea,KR,KOR,51635256,11863,0.008,0.114
28-02-2020,28,2,2020,427,1,South_Korea,KR,KOR,51635256,12950,0.019,0.133
29-02-2020,29,2,2020,909,3,South_Korea,KR,KOR,51635256,14753,0.022,0.156
01-03-2020,1,3,2020,595,1,South_Korea,KR,KOR,51635256,11292,0.019,0.175
02-03-2020,2,3,2020,686,5,South_Korea,KR,KOR,51635256,12606,0.026,0.201
03-03-2020,3,3,2020,600,6,South_Korea,KR,KOR,51635256,16260,0.006,0.207
04-03-2020,4,3,2020,516,4,South_Korea,KR,KOR,51635256,10856,0.041,0.247
05-03-2020,5,3,2020,438,3,South_Korea,KR,KOR,51635256,9834,0.021,0.269
06-03-2020,6,3,2020,518,7,South_Korea,KR,KOR,51635256,18199,0.033,0.302
07-03-2020,7,3,2020,483,2,South_Korea,KR,KOR,51635256,13449,0.017,0.319
08-03-2020,8,3,2020,367,6,South_Korea,KR,KOR,51635256,10329,0.03,0.349
09-03-2020,9,3,2020,248,1,South_Korea,KR,KOR,51635256,8100,0.021,0.371
10-03-2020,10,3,2020,131,3,South_Korea,KR,KOR,51635256,13526,0.019,0.39
11-03-2020,11,3,2020,242,6,South_Korea,KR,KOR,51635256,12251,0.018,0.408
12-03-2020,12,3,2020,114,6,South_Korea,KR,KOR,51635256,12603,0.034,0.442
13-03-2020,13,3,2020,110,1,South_Korea,KR,KOR,51635256,13649,0.045,0.487
14-03-2020,14,3,2020,107,5,South_Korea,KR,KOR,51635256,12688,0.074,0.561
15-03-2020,15,3,2020,76,3,South_Korea,KR,KOR,51635256,6877,0.038,0.598
16-03-2020,16,3,2020,74,0,South_Korea,KR,KOR,51635256,6292,0.057,0.655
17-03-2020,17,3,2020,84,6,South_Korea,KR,KOR,51635256,12212,0.094,0.749
18-03-2020,18,3,2020,93,5,South_Korea,KR,KOR,51635256,8931,0.086,0.835
19-03-2020,19,3,2020,152,5,South_Korea,KR,KOR,51635256,11377,0.125,0.96
20-03-2020,20,3,2020,87,9,South_Korea,KR,KOR,51635256,9640,0.035,0.995
21-03-2020,21,3,2020,147,3,South_Korea,KR,KOR,51635256,10845,0.087,1.081
22-03-2020,22,3,2020,98,1,South_Korea,KR,KOR,51635256,4271,0.082,1.163
23-03-2020,23,3,2020,64,9,South_Korea,KR,KOR,51635256,6256,0.083,1.247
24-03-2020,24,3,2020,76,7,South_Korea,KR,KOR,51635256,10546,0.096,1.343
25-03-2020,25,3,2020,100,6,South_Korea,KR,KOR,51635256,9314,0.098,1.441
26-03-2020,26,3,2020,104,5,South_Korea,KR,KOR,51635256,7046,0.117,1.557
27-03-2020,27,3,2020,91,8,South_Korea,KR,KOR,51635256,12019,0.132,1.69
28-03-2020,28,3,2020,146,5,South_Korea,KR,KOR,51635256,10964,0.104,1.794
29-03-2020,29,3,2020,105,8,South_Korea,KR,KOR,51635256,6216,0.103,1.897
30-03-2020,30,3,2020,78,6,South_Korea,KR,KOR,51635256,1053,0.107,2.004
31-03-2020,31,3,2020,125,5,South_Korea,KR,KOR,51635256,15370,0.122,2.126
01-04-2020,1,4,2020,0,0,South_Korea,KR,KOR,51635256,10983,0.145,2.272
02-04-2020,2,4,2020,190,6,South_Korea,KR,KOR,51635256,10196,0.152,2.424
03-04-2020,3,4,2020,86,5,South_Korea,KR,KOR,51635256,11530,0.157,2.581
04-04-2020,4,4,2020,94,3,South_Korea,KR,KOR,51635256,11759,0.14,2.721
05-04-2020,5,4,2020,81,6,South_Korea,KR,KOR,51635256,6201,0.183,2.904
06-04-2020,6,4,2020,47,3,South_Korea,KR,KOR,51635256,5571,0.198,3.101
07-04-2020,7,4,2020,47,6,South_Korea,KR,KOR,51635256,10500,0.065,3.166
08-04-2020,8,4,2020,53,8,South_Korea,KR,KOR,51635256,8699,0.29,3.456
09-04-2020,9,4,2020,39,4,South_Korea,KR,KOR,51635256,8708,0.159,3.615
10-04-2020,10,4,2020,27,4,South_Korea,KR,KOR,51635256,8340,0.196,3.811
